0,1,0
0,2,256
0,3,368
0,4,416
0,5,448
0,11,480
0,12,480
0,6,496
0,13,520
0,7,560
0,14,912
1,1,0
1,2,256
1,3,368
1,4,416
1,5,448
1,11,480
1,12,480
1,6,496
1,13,520
1,7,560
1,15,976
1,19,1040
2,1,0
2,2,256
2,3,368
2,4,416
2,5,448
2,11,480
2,12,480
2,6,496
2,13,520
2,7,560
2,15,944
2,20,1008
3,1,0
3,2,256
3,3,368
3,4,416
3,5,448
3,11,480
3,12,480
3,6,496
3,13,520
3,7,560
3,15,944
3,21,1008
4,1,0
4,2,256
4,3,368
4,4,416
4,5,448
4,11,480
4,12,480
4,6,496
4,13,520
4,7,560
4,15,880
4,22,944
4,24,1008
5,1,0
5,2,256
5,3,368
5,4,416
5,5,448
5,11,480
5,12,480
5,6,496
5,13,520
5,7,560
5,15,880
5,22,944
6,1,0
6,2,256
6,3,368
6,4,416
6,5,448
6,11,480
6,12,480
6,6,496
6,13,520
6,7,560
6,15,912
7,1,0
7,2,256
7,3,368
7,4,416
7,5,448
7,11,480
7,12,480
7,6,496
7,13,520
7,7,560
7,16,784
7,23,816
8,1,0
8,2,256
8,3,368
8,4,416
8,5,448
8,11,480
8,12,480
8,6,496
8,13,520
8,7,560
8,16,720
9,1,0
9,2,256
9,3,368
9,4,416
9,5,448
9,11,480
9,12,480
9,6,496
9,13,520
9,7,560
10,1,0
10,2,256
10,3,368
10,4,416
10,5,448
10,11,480
10,12,480
10,6,496
10,13,520
10,8,560
10,17,880
10,18,1056
10,14,1296
11,1,0
11,2,256
11,3,368
11,4,416
11,5,448
11,11,480
11,12,480
11,6,496
11,13,520
11,8,560
11,17,880
11,18,928
11,15,1040
11,19,1104
12,1,0
12,2,256
12,3,368
12,4,416
12,5,448
12,11,480
12,12,480
12,6,496
12,13,520
12,8,560
12,17,880
12,18,928
12,15,1168
12,20,1232
13,1,0
13,2,256
13,3,368
13,4,416
13,5,448
13,11,480
13,12,480
13,6,496
13,13,520
13,8,560
13,17,880
13,18,928
13,15,1168
13,21,1232
14,1,0
14,2,256
14,3,368
14,4,416
14,5,448
14,11,480
14,12,480
14,6,496
14,13,520
14,8,560
14,17,880
14,18,1056
14,15,1232
14,22,1296
14,24,1360
15,1,0
15,2,256
15,3,368
15,4,416
15,5,448
15,11,480
15,12,480
15,6,496
15,13,520
15,8,560
15,17,880
15,18,1056
15,15,1296
15,22,1360
16,1,0
16,2,256
16,3,368
16,4,416
16,5,448
16,11,480
16,12,480
16,6,496
16,13,520
16,8,560
16,17,880
16,18,1056
16,15,1168
17,1,0
17,2,256
17,3,368
17,4,416
17,5,448
17,11,480
17,12,480
17,6,496
17,13,520
17,8,560
17,17,880
17,18,928
17,16,1040
17,23,1072
18,1,0
18,2,256
18,3,368
18,4,416
18,5,448
18,11,480
18,12,480
18,6,496
18,13,520
18,8,560
18,17,880
18,18,1056
18,16,1104
19,1,0
19,2,256
19,3,368
19,4,416
19,5,448
19,11,480
19,12,480
19,6,496
19,13,520
19,8,560
19,17,880
19,18,1120
20,1,0
20,2,256
20,3,368
20,4,416
20,5,448
20,11,480
20,12,480
20,6,496
20,13,520
20,8,560
20,17,880
20,14,1056
21,1,0
21,2,256
21,3,368
21,4,416
21,5,448
21,11,480
21,12,480
21,6,496
21,13,520
21,8,560
21,17,880
21,15,1120
21,19,1184
22,1,0
22,2,256
22,3,368
22,4,416
22,5,448
22,11,480
22,12,480
22,6,496
22,13,520
22,8,560
22,17,880
22,15,992
22,20,1056
23,1,0
23,2,256
23,3,368
23,4,416
23,5,448
23,11,480
23,12,480
23,6,496
23,13,520
23,8,560
23,17,880
23,15,992
23,21,1056
24,1,0
24,2,256
24,3,368
24,4,416
24,5,448
24,11,480
24,12,480
24,6,496
24,13,520
24,8,560
24,17,880
24,15,928
24,22,992
24,24,1056
25,1,0
25,2,256
25,3,368
25,4,416
25,5,448
25,11,480
25,12,480
25,6,496
25,13,520
25,8,560
25,17,880
25,15,992
25,22,1056
26,1,0
26,2,256
26,3,368
26,4,416
26,5,448
26,11,480
26,12,480
26,6,496
26,13,520
26,8,560
26,17,880
26,15,1056
27,1,0
27,2,256
27,3,368
27,4,416
27,5,448
27,11,480
27,12,480
27,6,496
27,13,520
27,8,560
27,17,880
27,16,1120
27,23,1152
28,1,0
28,2,256
28,3,368
28,4,416
28,5,448
28,11,480
28,12,480
28,6,496
28,13,520
28,8,560
28,17,880
28,16,992
29,1,0
29,2,256
29,3,368
29,4,416
29,5,448
29,11,480
29,12,480
29,6,496
29,13,520
29,8,560
29,17,880
30,1,0
30,2,256
30,3,368
30,4,416
30,5,448
30,11,480
30,12,480
30,6,496
30,13,520
30,8,560
30,14,880
31,1,0
31,2,256
31,3,368
31,4,416
31,5,448
31,11,480
31,12,480
31,6,496
31,13,520
31,8,560
31,15,880
31,19,944
32,1,0
32,2,256
32,3,368
32,4,416
32,5,448
32,11,480
32,12,480
32,6,496
32,13,520
32,8,560
32,15,880
32,20,944
33,1,0
33,2,256
33,3,368
33,4,416
33,5,448
33,11,480
33,12,480
33,6,496
33,13,520
33,8,560
33,15,880
33,21,944
34,1,0
34,2,256
34,3,368
34,4,416
34,5,448
34,11,480
34,12,480
34,6,496
34,13,520
34,8,560
34,15,880
34,22,944
34,24,1008
35,1,0
35,2,256
35,3,368
35,4,416
35,5,448
35,11,480
35,12,480
35,6,496
35,13,520
35,8,560
35,15,880
35,22,944
36,1,0
36,2,256
36,3,368
36,4,416
36,5,448
36,11,480
36,12,480
36,6,496
36,13,520
36,8,560
36,15,880
37,1,0
37,2,256
37,3,368
37,4,416
37,5,448
37,11,480
37,12,480
37,6,496
37,13,520
37,8,560
37,16,880
37,23,912
38,1,0
38,2,256
38,3,368
38,4,416
38,5,448
38,11,480
38,12,480
38,6,496
38,13,520
38,8,560
38,16,880
39,1,0
39,2,256
39,3,368
39,4,416
39,5,448
39,11,480
39,12,480
39,6,496
39,13,520
39,8,560
40,1,0
40,2,256
40,3,368
40,4,416
40,5,448
40,11,480
40,12,480
40,6,496
40,13,520
40,9,560
41,1,0
41,2,256
41,3,368
41,4,416
41,5,448
41,11,480
41,12,480
41,6,496
41,13,520
41,10,560
42,1,0
42,2,256
42,3,368
42,4,416
42,5,448
42,11,480
42,12,480
42,6,496
42,13,520
43,1,0
43,2,256
43,3,368
43,4,416
43,5,448
43,11,480
43,12,480
43,6,496
44,1,0
44,2,256
44,3,368
44,4,416
44,5,448
44,11,480
44,12,480
44,7,496
44,14,784
45,1,0
45,2,256
45,3,368
45,4,416
45,5,448
45,11,480
45,12,480
45,7,496
45,15,912
45,19,976
46,1,0
46,2,256
46,3,368
46,4,416
46,5,448
46,11,480
46,12,480
46,7,496
46,15,944
46,20,1008
47,1,0
47,2,256
47,3,368
47,4,416
47,5,448
47,11,480
47,12,480
47,7,496
47,15,656
47,21,720
48,1,0
48,2,256
48,3,368
48,4,416
48,5,448
48,11,480
48,12,480
48,7,496
48,15,848
48,22,912
48,24,976
49,1,0
49,2,256
49,3,368
49,4,416
49,5,448
49,11,480
49,12,480
49,7,496
49,15,880
49,22,944
50,1,0
50,2,256
50,3,368
50,4,416
50,5,448
50,11,480
50,12,480
50,7,496
50,15,816
51,1,0
51,2,256
51,3,368
51,4,416
51,5,448
51,11,480
51,12,480
51,7,496
51,16,816
51,23,848
52,1,0
52,2,256
52,3,368
52,4,416
52,5,448
52,11,480
52,12,480
52,7,496
52,16,976
53,1,0
53,2,256
53,3,368
53,4,416
53,5,448
53,11,480
53,12,480
53,7,496
54,1,0
54,2,256
54,3,368
54,4,416
54,5,448
54,11,480
54,12,480
54,8,496
54,17,816
54,18,1056
54,14,1296
55,1,0
55,2,256
55,3,368
55,4,416
55,5,448
55,11,480
55,12,480
55,8,496
55,17,816
55,18,1056
55,15,1232
55,19,1296
56,1,0
56,2,256
56,3,368
56,4,416
56,5,448
56,11,480
56,12,480
56,8,496
56,17,816
56,18,992
56,15,1232
56,20,1296
57,1,0
57,2,256
57,3,368
57,4,416
57,5,448
57,11,480
57,12,480
57,8,496
57,17,816
57,18,928
57,15,1040
57,21,1104
58,1,0
58,2,256
58,3,368
58,4,416
58,5,448
58,11,480
58,12,480
58,8,496
58,17,816
58,18,864
58,15,1104
58,22,1168
58,24,1232
59,1,0
59,2,256
59,3,368
59,4,416
59,5,448
59,11,480
59,12,480
59,8,496
59,17,816
59,18,1056
59,15,1296
59,22,1360
60,1,0
60,2,256
60,3,368
60,4,416
60,5,448
60,11,480
60,12,480
60,8,496
60,17,816
60,18,992
60,15,1104
61,1,0
61,2,256
61,3,368
61,4,416
61,5,448
61,11,480
61,12,480
61,8,496
61,17,816
61,18,1056
61,16,1296
61,23,1328
62,1,0
62,2,256
62,3,368
62,4,416
62,5,448
62,11,480
62,12,480
62,8,496
62,17,816
62,18,1056
62,16,1168
63,1,0
63,2,256
63,3,368
63,4,416
63,5,448
63,11,480
63,12,480
63,8,496
63,17,816
63,18,928
64,1,0
64,2,256
64,3,368
64,4,416
64,5,448
64,11,480
64,12,480
64,8,496
64,17,816
64,14,928
65,1,0
65,2,256
65,3,368
65,4,416
65,5,448
65,11,480
65,12,480
65,8,496
65,17,816
65,15,1056
65,19,1120
66,1,0
66,2,256
66,3,368
66,4,416
66,5,448
66,11,480
66,12,480
66,8,496
66,17,816
66,15,864
66,20,928
67,1,0
67,2,256
67,3,368
67,4,416
67,5,448
67,11,480
67,12,480
67,8,496
67,17,816
67,15,992
67,21,1056
68,1,0
68,2,256
68,3,368
68,4,416
68,5,448
68,11,480
68,12,480
68,8,496
68,17,816
68,15,928
68,22,992
68,24,1056
69,1,0
69,2,256
69,3,368
69,4,416
69,5,448
69,11,480
69,12,480
69,8,496
69,17,816
69,15,1056
69,22,1120
70,1,0
70,2,256
70,3,368
70,4,416
70,5,448
70,11,480
70,12,480
70,8,496
70,17,816
70,15,928
71,1,0
71,2,256
71,3,368
71,4,416
71,5,448
71,11,480
71,12,480
71,8,496
71,17,816
71,16,928
71,23,960
72,1,0
72,2,256
72,3,368
72,4,416
72,5,448
72,11,480
72,12,480
72,8,496
72,17,816
72,16,864
73,1,0
73,2,256
73,3,368
73,4,416
73,5,448
73,11,480
73,12,480
73,8,496
73,17,816
74,1,0
74,2,256
74,3,368
74,4,416
74,5,448
74,11,480
74,12,480
74,8,496
74,14,816
75,1,0
75,2,256
75,3,368
75,4,416
75,5,448
75,11,480
75,12,480
75,8,496
75,15,816
75,19,880
76,1,0
76,2,256
76,3,368
76,4,416
76,5,448
76,11,480
76,12,480
76,8,496
76,15,816
76,20,880
77,1,0
77,2,256
77,3,368
77,4,416
77,5,448
77,11,480
77,12,480
77,8,496
77,15,816
77,21,880
78,1,0
78,2,256
78,3,368
78,4,416
78,5,448
78,11,480
78,12,480
78,8,496
78,15,816
78,22,880
78,24,944
79,1,0
79,2,256
79,3,368
79,4,416
79,5,448
79,11,480
79,12,480
79,8,496
79,15,816
79,22,880
80,1,0
80,2,256
80,3,368
80,4,416
80,5,448
80,11,480
80,12,480
80,8,496
80,15,816
81,1,0
81,2,256
81,3,368
81,4,416
81,5,448
81,11,480
81,12,480
81,8,496
81,16,816
81,23,848
82,1,0
82,2,256
82,3,368
82,4,416
82,5,448
82,11,480
82,12,480
82,8,496
82,16,816
83,1,0
83,2,256
83,3,368
83,4,416
83,5,448
83,11,480
83,12,480
83,8,496
84,1,0
84,2,256
84,3,368
84,4,416
84,5,448
84,11,480
84,12,480
84,9,496
85,1,0
85,2,256
85,3,368
85,4,416
85,5,448
85,11,480
85,12,480
85,10,496
86,1,0
86,2,256
86,3,368
86,4,416
86,5,448
86,11,480
86,12,480
87,1,0
87,2,256
87,3,368
87,4,416
87,5,448
88,1,0
88,2,256
88,3,368
88,4,416
88,6,448
88,13,472
88,7,512
88,14,704
89,1,0
89,2,256
89,3,368
89,4,416
89,6,448
89,13,472
89,7,512
89,15,992
89,19,1056
90,1,0
90,2,256
90,3,368
90,4,416
90,6,448
90,13,472
90,7,512
90,15,800
90,20,864
91,1,0
91,2,256
91,3,368
91,4,416
91,6,448
91,13,472
91,7,512
91,15,832
91,21,896
92,1,0
92,2,256
92,3,368
92,4,416
92,6,448
92,13,472
92,7,512
92,15,864
92,22,928
92,24,992
93,1,0
93,2,256
93,3,368
93,4,416
93,6,448
93,13,472
93,7,512
93,15,992
93,22,1056
94,1,0
94,2,256
94,3,368
94,4,416
94,6,448
94,13,472
94,7,512
94,15,896
95,1,0
95,2,256
95,3,368
95,4,416
95,6,448
95,13,472
95,7,512
95,16,736
95,23,768
96,1,0
96,2,256
96,3,368
96,4,416
96,6,448
96,13,472
96,7,512
96,16,768
97,1,0
97,2,256
97,3,368
97,4,416
97,6,448
97,13,472
97,7,512
98,1,0
98,2,256
98,3,368
98,4,416
98,6,448
98,13,472
98,8,512
98,17,832
98,18,880
98,14,928
99,1,0
99,2,256
99,3,368
99,4,416
99,6,448
99,13,472
99,8,512
99,17,832
99,18,944
99,15,1056
99,19,1120
100,1,0
100,2,256
100,3,368
100,4,416
100,6,448
100,13,472
100,8,512
100,17,832
100,18,944
100,15,1056
100,20,1120
101,1,0
101,2,256
101,3,368
101,4,416
101,6,448
101,13,472
101,8,512
101,17,832
101,18,1072
101,15,1312
101,21,1376
102,1,0
102,2,256
102,3,368
102,4,416
102,6,448
102,13,472
102,8,512
102,17,832
102,18,880
102,15,992
102,22,1056
102,24,1120
103,1,0
103,2,256
103,3,368
103,4,416
103,6,448
103,13,472
103,8,512
103,17,832
103,18,944
103,15,1184
103,22,1248
104,1,0
104,2,256
104,3,368
104,4,416
104,6,448
104,13,472
104,8,512
104,17,832
104,18,880
104,15,1056
105,1,0
105,2,256
105,3,368
105,4,416
105,6,448
105,13,472
105,8,512
105,17,832
105,18,1008
105,16,1056
105,23,1088
106,1,0
106,2,256
106,3,368
106,4,416
106,6,448
106,13,472
106,8,512
106,17,832
106,18,944
106,16,1120
107,1,0
107,2,256
107,3,368
107,4,416
107,6,448
107,13,472
107,8,512
107,17,832
107,18,1008
108,1,0
108,2,256
108,3,368
108,4,416
108,6,448
108,13,472
108,8,512
108,17,832
108,14,1072
109,1,0
109,2,256
109,3,368
109,4,416
109,6,448
109,13,472
109,8,512
109,17,832
109,15,944
109,19,1008
110,1,0
110,2,256
110,3,368
110,4,416
110,6,448
110,13,472
110,8,512
110,17,832
110,15,880
110,20,944
111,1,0
111,2,256
111,3,368
111,4,416
111,6,448
111,13,472
111,8,512
111,17,832
111,15,880
111,21,944
112,1,0
112,2,256
112,3,368
112,4,416
112,6,448
112,13,472
112,8,512
112,17,832
112,15,1072
112,22,1136
112,24,1200
113,1,0
113,2,256
113,3,368
113,4,416
113,6,448
113,13,472
113,8,512
113,17,832
113,15,944
113,22,1008
114,1,0
114,2,256
114,3,368
114,4,416
114,6,448
114,13,472
114,8,512
114,17,832
114,15,1072
115,1,0
115,2,256
115,3,368
115,4,416
115,6,448
115,13,472
115,8,512
115,17,832
115,16,944
115,23,976
116,1,0
116,2,256
116,3,368
116,4,416
116,6,448
116,13,472
116,8,512
116,17,832
116,16,944
117,1,0
117,2,256
117,3,368
117,4,416
117,6,448
117,13,472
117,8,512
117,17,832
118,1,0
118,2,256
118,3,368
118,4,416
118,6,448
118,13,472
118,8,512
118,14,832
119,1,0
119,2,256
119,3,368
119,4,416
119,6,448
119,13,472
119,8,512
119,15,832
119,19,896
120,1,0
120,2,256
120,3,368
120,4,416
120,6,448
120,13,472
120,8,512
120,15,832
120,20,896
121,1,0
121,2,256
121,3,368
121,4,416
121,6,448
121,13,472
121,8,512
121,15,832
121,21,896
122,1,0
122,2,256
122,3,368
122,4,416
122,6,448
122,13,472
122,8,512
122,15,832
122,22,896
122,24,960
123,1,0
123,2,256
123,3,368
123,4,416
123,6,448
123,13,472
123,8,512
123,15,832
123,22,896
124,1,0
124,2,256
124,3,368
124,4,416
124,6,448
124,13,472
124,8,512
124,15,832
125,1,0
125,2,256
125,3,368
125,4,416
125,6,448
125,13,472
125,8,512
125,16,832
125,23,864
126,1,0
126,2,256
126,3,368
126,4,416
126,6,448
126,13,472
126,8,512
126,16,832
127,1,0
127,2,256
127,3,368
127,4,416
127,6,448
127,13,472
127,8,512
128,1,0
128,2,256
128,3,368
128,4,416
128,6,448
128,13,472
128,9,512
129,1,0
129,2,256
129,3,368
129,4,416
129,6,448
129,13,472
129,10,512
130,1,0
130,2,256
130,3,368
130,4,416
130,6,448
130,13,472
131,1,0
131,2,256
131,3,368
131,4,416
131,6,448
132,1,0
132,2,256
132,3,368
132,4,416
132,7,448
132,14,736
133,1,0
133,2,256
133,3,368
133,4,416
133,7,448
133,15,800
133,19,864
134,1,0
134,2,256
134,3,368
134,4,416
134,7,448
134,15,640
134,20,704
135,1,0
135,2,256
135,3,368
135,4,416
135,7,448
135,15,672
135,21,736
136,1,0
136,2,256
136,3,368
136,4,416
136,7,448
136,15,896
136,22,960
136,24,1024
137,1,0
137,2,256
137,3,368
137,4,416
137,7,448
137,15,672
137,22,736
138,1,0
138,2,256
138,3,368
138,4,416
138,7,448
138,15,896
139,1,0
139,2,256
139,3,368
139,4,416
139,7,448
139,16,608
139,23,640
140,1,0
140,2,256
140,3,368
140,4,416
140,7,448
140,16,832
141,1,0
141,2,256
141,3,368
141,4,416
141,7,448
142,1,0
142,2,256
142,3,368
142,4,416
142,8,448
142,17,768
142,18,1008
142,14,1184
143,1,0
143,2,256
143,3,368
143,4,416
143,8,448
143,17,768
143,18,880
143,15,1120
143,19,1184
144,1,0
144,2,256
144,3,368
144,4,416
144,8,448
144,17,768
144,18,816
144,15,992
144,20,1056
145,1,0
145,2,256
145,3,368
145,4,416
145,8,448
145,17,768
145,18,944
145,15,1184
145,21,1248
146,1,0
146,2,256
146,3,368
146,4,416
146,8,448
146,17,768
146,18,880
146,15,992
146,22,1056
146,24,1120
147,1,0
147,2,256
147,3,368
147,4,416
147,8,448
147,17,768
147,18,880
147,15,928
147,22,992
148,1,0
148,2,256
148,3,368
148,4,416
148,8,448
148,17,768
148,18,816
148,15,928
149,1,0
149,2,256
149,3,368
149,4,416
149,8,448
149,17,768
149,18,944
149,16,1184
149,23,1216
150,1,0
150,2,256
150,3,368
150,4,416
150,8,448
150,17,768
150,18,816
150,16,928
151,1,0
151,2,256
151,3,368
151,4,416
151,8,448
151,17,768
151,18,880
152,1,0
152,2,256
152,3,368
152,4,416
152,8,448
152,17,768
152,14,1008
153,1,0
153,2,256
153,3,368
153,4,416
153,8,448
153,17,768
153,15,944
153,19,1008
154,1,0
154,2,256
154,3,368
154,4,416
154,8,448
154,17,768
154,15,816
154,20,880
155,1,0
155,2,256
155,3,368
155,4,416
155,8,448
155,17,768
155,15,816
155,21,880
156,1,0
156,2,256
156,3,368
156,4,416
156,8,448
156,17,768
156,15,944
156,22,1008
156,24,1072
157,1,0
157,2,256
157,3,368
157,4,416
157,8,448
157,17,768
157,15,944
157,22,1008
158,1,0
158,2,256
158,3,368
158,4,416
158,8,448
158,17,768
158,15,816
159,1,0
159,2,256
159,3,368
159,4,416
159,8,448
159,17,768
159,16,944
159,23,976
160,1,0
160,2,256
160,3,368
160,4,416
160,8,448
160,17,768
160,16,1008
161,1,0
161,2,256
161,3,368
161,4,416
161,8,448
161,17,768
162,1,0
162,2,256
162,3,368
162,4,416
162,8,448
162,14,768
163,1,0
163,2,256
163,3,368
163,4,416
163,8,448
163,15,768
163,19,832
164,1,0
164,2,256
164,3,368
164,4,416
164,8,448
164,15,768
164,20,832
165,1,0
165,2,256
165,3,368
165,4,416
165,8,448
165,15,768
165,21,832
166,1,0
166,2,256
166,3,368
166,4,416
166,8,448
166,15,768
166,22,832
166,24,896
167,1,0
167,2,256
167,3,368
167,4,416
167,8,448
167,15,768
167,22,832
168,1,0
168,2,256
168,3,368
168,4,416
168,8,448
168,15,768
169,1,0
169,2,256
169,3,368
169,4,416
169,8,448
169,16,768
169,23,800
170,1,0
170,2,256
170,3,368
170,4,416
170,8,448
170,16,768
171,1,0
171,2,256
171,3,368
171,4,416
171,8,448
172,1,0
172,2,256
172,3,368
172,4,416
172,9,448
173,1,0
173,2,256
173,3,368
173,4,416
173,10,448
174,1,0
174,2,256
174,3,368
174,4,416
175,1,0
175,2,256
175,3,368
175,5,416
175,11,448
175,12,448
175,6,464
175,13,488
175,7,528
175,14,944
176,1,0
176,2,256
176,3,368
176,5,416
176,11,448
176,12,448
176,6,464
176,13,488
176,7,528
176,15,720
176,19,784
177,1,0
177,2,256
177,3,368
177,5,416
177,11,448
177,12,448
177,6,464
177,13,488
177,7,528
177,15,880
177,20,944
178,1,0
178,2,256
178,3,368
178,5,416
178,11,448
178,12,448
178,6,464
178,13,488
178,7,528
178,15,944
178,21,1008
179,1,0
179,2,256
179,3,368
179,5,416
179,11,448
179,12,448
179,6,464
179,13,488
179,7,528
179,15,752
179,22,816
179,24,880
180,1,0
180,2,256
180,3,368
180,5,416
180,11,448
180,12,448
180,6,464
180,13,488
180,7,528
180,15,880
180,22,944
181,1,0
181,2,256
181,3,368
181,5,416
181,11,448
181,12,448
181,6,464
181,13,488
181,7,528
181,15,912
182,1,0
182,2,256
182,3,368
182,5,416
182,11,448
182,12,448
182,6,464
182,13,488
182,7,528
182,16,688
182,23,720
183,1,0
183,2,256
183,3,368
183,5,416
183,11,448
183,12,448
183,6,464
183,13,488
183,7,528
183,16,1008
184,1,0
184,2,256
184,3,368
184,5,416
184,11,448
184,12,448
184,6,464
184,13,488
184,7,528
185,1,0
185,2,256
185,3,368
185,5,416
185,11,448
185,12,448
185,6,464
185,13,488
185,8,528
185,17,848
185,18,896
185,14,1136
186,1,0
186,2,256
186,3,368
186,5,416
186,11,448
186,12,448
186,6,464
186,13,488
186,8,528
186,17,848
186,18,1088
186,15,1264
186,19,1328
187,1,0
187,2,256
187,3,368
187,5,416
187,11,448
187,12,448
187,6,464
187,13,488
187,8,528
187,17,848
187,18,1024
187,15,1072
187,20,1136
188,1,0
188,2,256
188,3,368
188,5,416
188,11,448
188,12,448
188,6,464
188,13,488
188,8,528
188,17,848
188,18,1024
188,15,1072
188,21,1136
189,1,0
189,2,256
189,3,368
189,5,416
189,11,448
189,12,448
189,6,464
189,13,488
189,8,528
189,17,848
189,18,1024
189,15,1200
189,22,1264
189,24,1328
190,1,0
190,2,256
190,3,368
190,5,416
190,11,448
190,12,448
190,6,464
190,13,488
190,8,528
190,17,848
190,18,896
190,15,944
190,22,1008
191,1,0
191,2,256
191,3,368
191,5,416
191,11,448
191,12,448
191,6,464
191,13,488
191,8,528
191,17,848
191,18,1024
191,15,1072
192,1,0
192,2,256
192,3,368
192,5,416
192,11,448
192,12,448
192,6,464
192,13,488
192,8,528
192,17,848
192,18,1088
192,16,1264
192,23,1296
193,1,0
193,2,256
193,3,368
193,5,416
193,11,448
193,12,448
193,6,464
193,13,488
193,8,528
193,17,848
193,18,1088
193,16,1200
194,1,0
194,2,256
194,3,368
194,5,416
194,11,448
194,12,448
194,6,464
194,13,488
194,8,528
194,17,848
194,18,1088
195,1,0
195,2,256
195,3,368
195,5,416
195,11,448
195,12,448
195,6,464
195,13,488
195,8,528
195,17,848
195,14,1024
196,1,0
196,2,256
196,3,368
196,5,416
196,11,448
196,12,448
196,6,464
196,13,488
196,8,528
196,17,848
196,15,1088
196,19,1152
197,1,0
197,2,256
197,3,368
197,5,416
197,11,448
197,12,448
197,6,464
197,13,488
197,8,528
197,17,848
197,15,896
197,20,960
198,1,0
198,2,256
198,3,368
198,5,416
198,11,448
198,12,448
198,6,464
198,13,488
198,8,528
198,17,848
198,15,1024
198,21,1088
199,1,0
199,2,256
199,3,368
199,5,416
199,11,448
199,12,448
199,6,464
199,13,488
199,8,528
199,17,848
199,15,960
199,22,1024
199,24,1088
200,1,0
200,2,256
200,3,368
200,5,416
200,11,448
200,12,448
200,6,464
200,13,488
200,8,528
200,17,848
200,15,960
200,22,1024
201,1,0
201,2,256
201,3,368
201,5,416
201,11,448
201,12,448
201,6,464
201,13,488
201,8,528
201,17,848
201,15,896
202,1,0
202,2,256
202,3,368
202,5,416
202,11,448
202,12,448
202,6,464
202,13,488
202,8,528
202,17,848
202,16,1024
202,23,1056
203,1,0
203,2,256
203,3,368
203,5,416
203,11,448
203,12,448
203,6,464
203,13,488
203,8,528
203,17,848
203,16,1024
204,1,0
204,2,256
204,3,368
204,5,416
204,11,448
204,12,448
204,6,464
204,13,488
204,8,528
204,17,848
205,1,0
205,2,256
205,3,368
205,5,416
205,11,448
205,12,448
205,6,464
205,13,488
205,8,528
205,14,848
206,1,0
206,2,256
206,3,368
206,5,416
206,11,448
206,12,448
206,6,464
206,13,488
206,8,528
206,15,848
206,19,912
207,1,0
207,2,256
207,3,368
207,5,416
207,11,448
207,12,448
207,6,464
207,13,488
207,8,528
207,15,848
207,20,912
208,1,0
208,2,256
208,3,368
208,5,416
208,11,448
208,12,448
208,6,464
208,13,488
208,8,528
208,15,848
208,21,912
209,1,0
209,2,256
209,3,368
209,5,416
209,11,448
209,12,448
209,6,464
209,13,488
209,8,528
209,15,848
209,22,912
209,24,976
210,1,0
210,2,256
210,3,368
210,5,416
210,11,448
210,12,448
210,6,464
210,13,488
210,8,528
210,15,848
210,22,912
211,1,0
211,2,256
211,3,368
211,5,416
211,11,448
211,12,448
211,6,464
211,13,488
211,8,528
211,15,848
212,1,0
212,2,256
212,3,368
212,5,416
212,11,448
212,12,448
212,6,464
212,13,488
212,8,528
212,16,848
212,23,880
213,1,0
213,2,256
213,3,368
213,5,416
213,11,448
213,12,448
213,6,464
213,13,488
213,8,528
213,16,848
214,1,0
214,2,256
214,3,368
214,5,416
214,11,448
214,12,448
214,6,464
214,13,488
214,8,528
215,1,0
215,2,256
215,3,368
215,5,416
215,11,448
215,12,448
215,6,464
215,13,488
215,9,528
216,1,0
216,2,256
216,3,368
216,5,416
216,11,448
216,12,448
216,6,464
216,13,488
216,10,528
217,1,0
217,2,256
217,3,368
217,5,416
217,11,448
217,12,448
217,6,464
217,13,488
218,1,0
218,2,256
218,3,368
218,5,416
218,11,448
218,12,448
218,6,464
219,1,0
219,2,256
219,3,368
219,5,416
219,11,448
219,12,448
219,7,464
219,14,816
220,1,0
220,2,256
220,3,368
220,5,416
220,11,448
220,12,448
220,7,464
220,15,784
220,19,848
221,1,0
221,2,256
221,3,368
221,5,416
221,11,448
221,12,448
221,7,464
221,15,880
221,20,944
222,1,0
222,2,256
222,3,368
222,5,416
222,11,448
222,12,448
222,7,464
222,15,912
222,21,976
223,1,0
223,2,256
223,3,368
223,5,416
223,11,448
223,12,448
223,7,464
223,15,816
223,22,880
223,24,944
224,1,0
224,2,256
224,3,368
224,5,416
224,11,448
224,12,448
224,7,464
224,15,656
224,22,720
225,1,0
225,2,256
225,3,368
225,5,416
225,11,448
225,12,448
225,7,464
225,15,912
226,1,0
226,2,256
226,3,368
226,5,416
226,11,448
226,12,448
226,7,464
226,16,848
226,23,880
227,1,0
227,2,256
227,3,368
227,5,416
227,11,448
227,12,448
227,7,464
227,16,784
228,1,0
228,2,256
228,3,368
228,5,416
228,11,448
228,12,448
228,7,464
229,1,0
229,2,256
229,3,368
229,5,416
229,11,448
229,12,448
229,8,464
229,17,784
229,18,960
229,14,1200
230,1,0
230,2,256
230,3,368
230,5,416
230,11,448
230,12,448
230,8,464
230,17,784
230,18,1024
230,15,1072
230,19,1136
231,1,0
231,2,256
231,3,368
231,5,416
231,11,448
231,12,448
231,8,464
231,17,784
231,18,1024
231,15,1200
231,20,1264
232,1,0
232,2,256
232,3,368
232,5,416
232,11,448
232,12,448
232,8,464
232,17,784
232,18,896
232,15,1136
232,21,1200
233,1,0
233,2,256
233,3,368
233,5,416
233,11,448
233,12,448
233,8,464
233,17,784
233,18,1024
233,15,1072
233,22,1136
233,24,1200
234,1,0
234,2,256
234,3,368
234,5,416
234,11,448
234,12,448
234,8,464
234,17,784
234,18,832
234,15,1072
234,22,1136
235,1,0
235,2,256
235,3,368
235,5,416
235,11,448
235,12,448
235,8,464
235,17,784
235,18,896
235,15,1072
236,1,0
236,2,256
236,3,368
236,5,416
236,11,448
236,12,448
236,8,464
236,17,784
236,18,832
236,16,1008
236,23,1040
237,1,0
237,2,256
237,3,368
237,5,416
237,11,448
237,12,448
237,8,464
237,17,784
237,18,960
237,16,1136
238,1,0
238,2,256
238,3,368
238,5,416
238,11,448
238,12,448
238,8,464
238,17,784
238,18,896
239,1,0
239,2,256
239,3,368
239,5,416
239,11,448
239,12,448
239,8,464
239,17,784
239,14,832
240,1,0
240,2,256
240,3,368
240,5,416
240,11,448
240,12,448
240,8,464
240,17,784
240,15,832
240,19,896
241,1,0
241,2,256
241,3,368
241,5,416
241,11,448
241,12,448
241,8,464
241,17,784
241,15,960
241,20,1024
242,1,0
242,2,256
242,3,368
242,5,416
242,11,448
242,12,448
242,8,464
242,17,784
242,15,832
242,21,896
243,1,0
243,2,256
243,3,368
243,5,416
243,11,448
243,12,448
243,8,464
243,17,784
243,15,960
243,22,1024
243,24,1088
244,1,0
244,2,256
244,3,368
244,5,416
244,11,448
244,12,448
244,8,464
244,17,784
244,15,832
244,22,896
245,1,0
245,2,256
245,3,368
245,5,416
245,11,448
245,12,448
245,8,464
245,17,784
245,15,832
246,1,0
246,2,256
246,3,368
246,5,416
246,11,448
246,12,448
246,8,464
246,17,784
246,16,832
246,23,864
247,1,0
247,2,256
247,3,368
247,5,416
247,11,448
247,12,448
247,8,464
247,17,784
247,16,832
248,1,0
248,2,256
248,3,368
248,5,416
248,11,448
248,12,448
248,8,464
248,17,784
249,1,0
249,2,256
249,3,368
249,5,416
249,11,448
249,12,448
249,8,464
249,14,784
250,1,0
250,2,256
250,3,368
250,5,416
250,11,448
250,12,448
250,8,464
250,15,784
250,19,848
251,1,0
251,2,256
251,3,368
251,5,416
251,11,448
251,12,448
251,8,464
251,15,784
251,20,848
252,1,0
252,2,256
252,3,368
252,5,416
252,11,448
252,12,448
252,8,464
252,15,784
252,21,848
253,1,0
253,2,256
253,3,368
253,5,416
253,11,448
253,12,448
253,8,464
253,15,784
253,22,848
253,24,912
254,1,0
254,2,256
254,3,368
254,5,416
254,11,448
254,12,448
254,8,464
254,15,784
254,22,848
255,1,0
255,2,256
255,3,368
255,5,416
255,11,448
255,12,448
255,8,464
255,15,784
256,1,0
256,2,256
256,3,368
256,5,416
256,11,448
256,12,448
256,8,464
256,16,784
256,23,816
257,1,0
257,2,256
257,3,368
257,5,416
257,11,448
257,12,448
257,8,464
257,16,784
258,1,0
258,2,256
258,3,368
258,5,416
258,11,448
258,12,448
258,8,464
259,1,0
259,2,256
259,3,368
259,5,416
259,11,448
259,12,448
259,9,464
260,1,0
260,2,256
260,3,368
260,5,416
260,11,448
260,12,448
260,10,464
261,1,0
261,2,256
261,3,368
261,5,416
261,11,448
261,12,448
262,1,0
262,2,256
262,3,368
262,5,416
263,1,0
263,2,256
263,3,368
263,6,416
263,13,440
263,7,480
263,14,672
264,1,0
264,2,256
264,3,368
264,6,416
264,13,440
264,7,480
264,15,736
264,19,800
265,1,0
265,2,256
265,3,368
265,6,416
265,13,440
265,7,480
265,15,768
265,20,832
266,1,0
266,2,256
266,3,368
266,6,416
266,13,440
266,7,480
266,15,864
266,21,928
267,1,0
267,2,256
267,3,368
267,6,416
267,13,440
267,7,480
267,15,960
267,22,1024
267,24,1088
268,1,0
268,2,256
268,3,368
268,6,416
268,13,440
268,7,480
268,15,896
268,22,960
269,1,0
269,2,256
269,3,368
269,6,416
269,13,440
269,7,480
269,15,896
270,1,0
270,2,256
270,3,368
270,6,416
270,13,440
270,7,480
270,16,800
270,23,832
271,1,0
271,2,256
271,3,368
271,6,416
271,13,440
271,7,480
271,16,960
272,1,0
272,2,256
272,3,368
272,6,416
272,13,440
272,7,480
273,1,0
273,2,256
273,3,368
273,6,416
273,13,440
273,8,480
273,17,800
273,18,848
273,14,1024
274,1,0
274,2,256
274,3,368
274,6,416
274,13,440
274,8,480
274,17,800
274,18,1040
274,15,1152
274,19,1216
275,1,0
275,2,256
275,3,368
275,6,416
275,13,440
275,8,480
275,17,800
275,18,848
275,15,960
275,20,1024
276,1,0
276,2,256
276,3,368
276,6,416
276,13,440
276,8,480
276,17,800
276,18,976
276,15,1152
276,21,1216
277,1,0
277,2,256
277,3,368
277,6,416
277,13,440
277,8,480
277,17,800
277,18,848
277,15,896
277,22,960
277,24,1024
278,1,0
278,2,256
278,3,368
278,6,416
278,13,440
278,8,480
278,17,800
278,18,1040
278,15,1088
278,22,1152
279,1,0
279,2,256
279,3,368
279,6,416
279,13,440
279,8,480
279,17,800
279,18,912
279,15,960
280,1,0
280,2,256
280,3,368
280,6,416
280,13,440
280,8,480
280,17,800
280,18,912
280,16,960
280,23,992
281,1,0
281,2,256
281,3,368
281,6,416
281,13,440
281,8,480
281,17,800
281,18,976
281,16,1088
282,1,0
282,2,256
282,3,368
282,6,416
282,13,440
282,8,480
282,17,800
282,18,912
283,1,0
283,2,256
283,3,368
283,6,416
283,13,440
283,8,480
283,17,800
283,14,1040
284,1,0
284,2,256
284,3,368
284,6,416
284,13,440
284,8,480
284,17,800
284,15,848
284,19,912
285,1,0
285,2,256
285,3,368
285,6,416
285,13,440
285,8,480
285,17,800
285,15,912
285,20,976
286,1,0
286,2,256
286,3,368
286,6,416
286,13,440
286,8,480
286,17,800
286,15,976
286,21,1040
287,1,0
287,2,256
287,3,368
287,6,416
287,13,440
287,8,480
287,17,800
287,15,1040
287,22,1104
287,24,1168
288,1,0
288,2,256
288,3,368
288,6,416
288,13,440
288,8,480
288,17,800
288,15,912
288,22,976
289,1,0
289,2,256
289,3,368
289,6,416
289,13,440
289,8,480
289,17,800
289,15,848
290,1,0
290,2,256
290,3,368
290,6,416
290,13,440
290,8,480
290,17,800
290,16,1040
290,23,1072
291,1,0
291,2,256
291,3,368
291,6,416
291,13,440
291,8,480
291,17,800
291,16,912
292,1,0
292,2,256
292,3,368
292,6,416
292,13,440
292,8,480
292,17,800
293,1,0
293,2,256
293,3,368
293,6,416
293,13,440
293,8,480
293,14,800
294,1,0
294,2,256
294,3,368
294,6,416
294,13,440
294,8,480
294,15,800
294,19,864
295,1,0
295,2,256
295,3,368
295,6,416
295,13,440
295,8,480
295,15,800
295,20,864
296,1,0
296,2,256
296,3,368
296,6,416
296,13,440
296,8,480
296,15,800
296,21,864
297,1,0
297,2,256
297,3,368
297,6,416
297,13,440
297,8,480
297,15,800
297,22,864
297,24,928
298,1,0
298,2,256
298,3,368
298,6,416
298,13,440
298,8,480
298,15,800
298,22,864
299,1,0
299,2,256
299,3,368
299,6,416
299,13,440
299,8,480
299,15,800
300,1,0
300,2,256
300,3,368
300,6,416
300,13,440
300,8,480
300,16,800
300,23,832
301,1,0
301,2,256
301,3,368
301,6,416
301,13,440
301,8,480
301,16,800
302,1,0
302,2,256
302,3,368
302,6,416
302,13,440
302,8,480
303,1,0
303,2,256
303,3,368
303,6,416
303,13,440
303,9,480
304,1,0
304,2,256
304,3,368
304,6,416
304,13,440
304,10,480
305,1,0
305,2,256
305,3,368
305,6,416
305,13,440
306,1,0
306,2,256
306,3,368
306,6,416
307,1,0
307,2,256
307,3,368
307,7,416
307,14,800
308,1,0
308,2,256
308,3,368
308,7,416
308,15,800
308,19,864
309,1,0
309,2,256
309,3,368
309,7,416
309,15,640
309,20,704
310,1,0
310,2,256
310,3,368
310,7,416
310,15,640
310,21,704
311,1,0
311,2,256
311,3,368
311,7,416
311,15,736
311,22,800
311,24,864
312,1,0
312,2,256
312,3,368
312,7,416
312,15,608
312,22,672
313,1,0
313,2,256
313,3,368
313,7,416
313,15,800
314,1,0
314,2,256
314,3,368
314,7,416
314,16,832
314,23,864
315,1,0
315,2,256
315,3,368
315,7,416
315,16,704
316,1,0
316,2,256
316,3,368
316,7,416
317,1,0
317,2,256
317,3,368
317,8,416
317,17,736
317,18,784
317,14,896
318,1,0
318,2,256
318,3,368
318,8,416
318,17,736
318,18,912
318,15,1152
318,19,1216
319,1,0
319,2,256
319,3,368
319,8,416
319,17,736
319,18,912
319,15,1088
319,20,1152
320,1,0
320,2,256
320,3,368
320,8,416
320,17,736
320,18,848
320,15,1088
320,21,1152
321,1,0
321,2,256
321,3,368
321,8,416
321,17,736
321,18,912
321,15,1152
321,22,1216
321,24,1280
322,1,0
322,2,256
322,3,368
322,8,416
322,17,736
322,18,912
322,15,960
322,22,1024
323,1,0
323,2,256
323,3,368
323,8,416
323,17,736
323,18,784
323,15,832
324,1,0
324,2,256
324,3,368
324,8,416
324,17,736
324,18,912
324,16,1152
324,23,1184
325,1,0
325,2,256
325,3,368
325,8,416
325,17,736
325,18,976
325,16,1216
326,1,0
326,2,256
326,3,368
326,8,416
326,17,736
326,18,976
327,1,0
327,2,256
327,3,368
327,8,416
327,17,736
327,14,976
328,1,0
328,2,256
328,3,368
328,8,416
328,17,736
328,15,912
328,19,976
329,1,0
329,2,256
329,3,368
329,8,416
329,17,736
329,15,976
329,20,1040
330,1,0
330,2,256
330,3,368
330,8,416
330,17,736
330,15,912
330,21,976
331,1,0
331,2,256
331,3,368
331,8,416
331,17,736
331,15,784
331,22,848
331,24,912
332,1,0
332,2,256
332,3,368
332,8,416
332,17,736
332,15,912
332,22,976
333,1,0
333,2,256
333,3,368
333,8,416
333,17,736
333,15,784
334,1,0
334,2,256
334,3,368
334,8,416
334,17,736
334,16,912
334,23,944
335,1,0
335,2,256
335,3,368
335,8,416
335,17,736
335,16,848
336,1,0
336,2,256
336,3,368
336,8,416
336,17,736
337,1,0
337,2,256
337,3,368
337,8,416
337,14,736
338,1,0
338,2,256
338,3,368
338,8,416
338,15,736
338,19,800
339,1,0
339,2,256
339,3,368
339,8,416
339,15,736
339,20,800
340,1,0
340,2,256
340,3,368
340,8,416
340,15,736
340,21,800
341,1,0
341,2,256
341,3,368
341,8,416
341,15,736
341,22,800
341,24,864
342,1,0
342,2,256
342,3,368
342,8,416
342,15,736
342,22,800
343,1,0
343,2,256
343,3,368
343,8,416
343,15,736
344,1,0
344,2,256
344,3,368
344,8,416
344,16,736
344,23,768
345,1,0
345,2,256
345,3,368
345,8,416
345,16,736
346,1,0
346,2,256
346,3,368
346,8,416
347,1,0
347,2,256
347,3,368
347,9,416
348,1,0
348,2,256
348,3,368
348,10,416
349,1,0
349,2,256
349,3,368
350,1,0
350,2,256
350,4,368
350,5,400
350,11,432
350,12,432
350,6,448
350,13,472
350,7,512
350,14,864
351,1,0
351,2,256
351,4,368
351,5,400
351,11,432
351,12,432
351,6,448
351,13,472
351,7,512
351,15,768
351,19,832
352,1,0
352,2,256
352,4,368
352,5,400
352,11,432
352,12,432
352,6,448
352,13,472
352,7,512
352,15,928
352,20,992
353,1,0
353,2,256
353,4,368
353,5,400
353,11,432
353,12,432
353,6,448
353,13,472
353,7,512
353,15,704
353,21,768
354,1,0
354,2,256
354,4,368
354,5,400
354,11,432
354,12,432
354,6,448
354,13,472
354,7,512
354,15,896
354,22,960
354,24,1024
355,1,0
355,2,256
355,4,368
355,5,400
355,11,432
355,12,432
355,6,448
355,13,472
355,7,512
355,15,864
355,22,928
356,1,0
356,2,256
356,4,368
356,5,400
356,11,432
356,12,432
356,6,448
356,13,472
356,7,512
356,15,736
357,1,0
357,2,256
357,4,368
357,5,400
357,11,432
357,12,432
357,6,448
357,13,472
357,7,512
357,16,800
357,23,832
358,1,0
358,2,256
358,4,368
358,5,400
358,11,432
358,12,432
358,6,448
358,13,472
358,7,512
358,16,960
359,1,0
359,2,256
359,4,368
359,5,400
359,11,432
359,12,432
359,6,448
359,13,472
359,7,512
360,1,0
360,2,256
360,4,368
360,5,400
360,11,432
360,12,432
360,6,448
360,13,472
360,8,512
360,17,832
360,18,1072
360,14,1248
361,1,0
361,2,256
361,4,368
361,5,400
361,11,432
361,12,432
361,6,448
361,13,472
361,8,512
361,17,832
361,18,944
361,15,992
361,19,1056
362,1,0
362,2,256
362,4,368
362,5,400
362,11,432
362,12,432
362,6,448
362,13,472
362,8,512
362,17,832
362,18,880
362,15,928
362,20,992
363,1,0
363,2,256
363,4,368
363,5,400
363,11,432
363,12,432
363,6,448
363,13,472
363,8,512
363,17,832
363,18,1072
363,15,1248
363,21,1312
364,1,0
364,2,256
364,4,368
364,5,400
364,11,432
364,12,432
364,6,448
364,13,472
364,8,512
364,17,832
364,18,1008
364,15,1056
364,22,1120
364,24,1184
365,1,0
365,2,256
365,4,368
365,5,400
365,11,432
365,12,432
365,6,448
365,13,472
365,8,512
365,17,832
365,18,944
365,15,992
365,22,1056
366,1,0
366,2,256
366,4,368
366,5,400
366,11,432
366,12,432
366,6,448
366,13,472
366,8,512
366,17,832
366,18,880
366,15,1056
367,1,0
367,2,256
367,4,368
367,5,400
367,11,432
367,12,432
367,6,448
367,13,472
367,8,512
367,17,832
367,18,1072
367,16,1312
367,23,1344
368,1,0
368,2,256
368,4,368
368,5,400
368,11,432
368,12,432
368,6,448
368,13,472
368,8,512
368,17,832
368,18,880
368,16,928
369,1,0
369,2,256
369,4,368
369,5,400
369,11,432
369,12,432
369,6,448
369,13,472
369,8,512
369,17,832
369,18,1008
370,1,0
370,2,256
370,4,368
370,5,400
370,11,432
370,12,432
370,6,448
370,13,472
370,8,512
370,17,832
370,14,1072
371,1,0
371,2,256
371,4,368
371,5,400
371,11,432
371,12,432
371,6,448
371,13,472
371,8,512
371,17,832
371,15,880
371,19,944
372,1,0
372,2,256
372,4,368
372,5,400
372,11,432
372,12,432
372,6,448
372,13,472
372,8,512
372,17,832
372,15,880
372,20,944
373,1,0
373,2,256
373,4,368
373,5,400
373,11,432
373,12,432
373,6,448
373,13,472
373,8,512
373,17,832
373,15,1072
373,21,1136
374,1,0
374,2,256
374,4,368
374,5,400
374,11,432
374,12,432
374,6,448
374,13,472
374,8,512
374,17,832
374,15,944
374,22,1008
374,24,1072
375,1,0
375,2,256
375,4,368
375,5,400
375,11,432
375,12,432
375,6,448
375,13,472
375,8,512
375,17,832
375,15,1008
375,22,1072
376,1,0
376,2,256
376,4,368
376,5,400
376,11,432
376,12,432
376,6,448
376,13,472
376,8,512
376,17,832
376,15,944
377,1,0
377,2,256
377,4,368
377,5,400
377,11,432
377,12,432
377,6,448
377,13,472
377,8,512
377,17,832
377,16,1008
377,23,1040
378,1,0
378,2,256
378,4,368
378,5,400
378,11,432
378,12,432
378,6,448
378,13,472
378,8,512
378,17,832
378,16,1008
379,1,0
379,2,256
379,4,368
379,5,400
379,11,432
379,12,432
379,6,448
379,13,472
379,8,512
379,17,832
380,1,0
380,2,256
380,4,368
380,5,400
380,11,432
380,12,432
380,6,448
380,13,472
380,8,512
380,14,832
381,1,0
381,2,256
381,4,368
381,5,400
381,11,432
381,12,432
381,6,448
381,13,472
381,8,512
381,15,832
381,19,896
382,1,0
382,2,256
382,4,368
382,5,400
382,11,432
382,12,432
382,6,448
382,13,472
382,8,512
382,15,832
382,20,896
383,1,0
383,2,256
383,4,368
383,5,400
383,11,432
383,12,432
383,6,448
383,13,472
383,8,512
383,15,832
383,21,896
384,1,0
384,2,256
384,4,368
384,5,400
384,11,432
384,12,432
384,6,448
384,13,472
384,8,512
384,15,832
384,22,896
384,24,960
385,1,0
385,2,256
385,4,368
385,5,400
385,11,432
385,12,432
385,6,448
385,13,472
385,8,512
385,15,832
385,22,896
386,1,0
386,2,256
386,4,368
386,5,400
386,11,432
386,12,432
386,6,448
386,13,472
386,8,512
386,15,832
387,1,0
387,2,256
387,4,368
387,5,400
387,11,432
387,12,432
387,6,448
387,13,472
387,8,512
387,16,832
387,23,864
388,1,0
388,2,256
388,4,368
388,5,400
388,11,432
388,12,432
388,6,448
388,13,472
388,8,512
388,16,832
389,1,0
389,2,256
389,4,368
389,5,400
389,11,432
389,12,432
389,6,448
389,13,472
389,8,512
390,1,0
390,2,256
390,4,368
390,5,400
390,11,432
390,12,432
390,6,448
390,13,472
390,9,512
391,1,0
391,2,256
391,4,368
391,5,400
391,11,432
391,12,432
391,6,448
391,13,472
391,10,512
392,1,0
392,2,256
392,4,368
392,5,400
392,11,432
392,12,432
392,6,448
392,13,472
393,1,0
393,2,256
393,4,368
393,5,400
393,11,432
393,12,432
393,6,448
394,1,0
394,2,256
394,4,368
394,5,400
394,11,432
394,12,432
394,7,448
394,14,896
395,1,0
395,2,256
395,4,368
395,5,400
395,11,432
395,12,432
395,7,448
395,15,608
395,19,672
396,1,0
396,2,256
396,4,368
396,5,400
396,11,432
396,12,432
396,7,448
396,15,896
396,20,960
397,1,0
397,2,256
397,4,368
397,5,400
397,11,432
397,12,432
397,7,448
397,15,768
397,21,832
398,1,0
398,2,256
398,4,368
398,5,400
398,11,432
398,12,432
398,7,448
398,15,928
398,22,992
398,24,1056
399,1,0
399,2,256
399,4,368
399,5,400
399,11,432
399,12,432
399,7,448
399,15,608
399,22,672
400,1,0
400,2,256
400,4,368
400,5,400
400,11,432
400,12,432
400,7,448
400,15,608
401,1,0
401,2,256
401,4,368
401,5,400
401,11,432
401,12,432
401,7,448
401,16,608
401,23,640
402,1,0
402,2,256
402,4,368
402,5,400
402,11,432
402,12,432
402,7,448
402,16,800
403,1,0
403,2,256
403,4,368
403,5,400
403,11,432
403,12,432
403,7,448
404,1,0
404,2,256
404,4,368
404,5,400
404,11,432
404,12,432
404,8,448
404,17,768
404,18,880
404,14,1120
405,1,0
405,2,256
405,4,368
405,5,400
405,11,432
405,12,432
405,8,448
405,17,768
405,18,1008
405,15,1248
405,19,1312
406,1,0
406,2,256
406,4,368
406,5,400
406,11,432
406,12,432
406,8,448
406,17,768
406,18,944
406,15,1120
406,20,1184
407,1,0
407,2,256
407,4,368
407,5,400
407,11,432
407,12,432
407,8,448
407,17,768
407,18,944
407,15,992
407,21,1056
408,1,0
408,2,256
408,4,368
408,5,400
408,11,432
408,12,432
408,8,448
408,17,768
408,18,880
408,15,992
408,22,1056
408,24,1120
409,1,0
409,2,256
409,4,368
409,5,400
409,11,432
409,12,432
409,8,448
409,17,768
409,18,1008
409,15,1056
409,22,1120
410,1,0
410,2,256
410,4,368
410,5,400
410,11,432
410,12,432
410,8,448
410,17,768
410,18,816
410,15,864
411,1,0
411,2,256
411,4,368
411,5,400
411,11,432
411,12,432
411,8,448
411,17,768
411,18,1008
411,16,1184
411,23,1216
412,1,0
412,2,256
412,4,368
412,5,400
412,11,432
412,12,432
412,8,448
412,17,768
412,18,944
412,16,1056
413,1,0
413,2,256
413,4,368
413,5,400
413,11,432
413,12,432
413,8,448
413,17,768
413,18,816
414,1,0
414,2,256
414,4,368
414,5,400
414,11,432
414,12,432
414,8,448
414,17,768
414,14,880
415,1,0
415,2,256
415,4,368
415,5,400
415,11,432
415,12,432
415,8,448
415,17,768
415,15,880
415,19,944
416,1,0
416,2,256
416,4,368
416,5,400
416,11,432
416,12,432
416,8,448
416,17,768
416,15,816
416,20,880
417,1,0
417,2,256
417,4,368
417,5,400
417,11,432
417,12,432
417,8,448
417,17,768
417,15,816
417,21,880
418,1,0
418,2,256
418,4,368
418,5,400
418,11,432
418,12,432
418,8,448
418,17,768
418,15,944
418,22,1008
418,24,1072
419,1,0
419,2,256
419,4,368
419,5,400
419,11,432
419,12,432
419,8,448
419,17,768
419,15,944
419,22,1008
420,1,0
420,2,256
420,4,368
420,5,400
420,11,432
420,12,432
420,8,448
420,17,768
420,15,1008
421,1,0
421,2,256
421,4,368
421,5,400
421,11,432
421,12,432
421,8,448
421,17,768
421,16,816
421,23,848
422,1,0
422,2,256
422,4,368
422,5,400
422,11,432
422,12,432
422,8,448
422,17,768
422,16,816
423,1,0
423,2,256
423,4,368
423,5,400
423,11,432
423,12,432
423,8,448
423,17,768
424,1,0
424,2,256
424,4,368
424,5,400
424,11,432
424,12,432
424,8,448
424,14,768
425,1,0
425,2,256
425,4,368
425,5,400
425,11,432
425,12,432
425,8,448
425,15,768
425,19,832
426,1,0
426,2,256
426,4,368
426,5,400
426,11,432
426,12,432
426,8,448
426,15,768
426,20,832
427,1,0
427,2,256
427,4,368
427,5,400
427,11,432
427,12,432
427,8,448
427,15,768
427,21,832
428,1,0
428,2,256
428,4,368
428,5,400
428,11,432
428,12,432
428,8,448
428,15,768
428,22,832
428,24,896
429,1,0
429,2,256
429,4,368
429,5,400
429,11,432
429,12,432
429,8,448
429,15,768
429,22,832
430,1,0
430,2,256
430,4,368
430,5,400
430,11,432
430,12,432
430,8,448
430,15,768
431,1,0
431,2,256
431,4,368
431,5,400
431,11,432
431,12,432
431,8,448
431,16,768
431,23,800
432,1,0
432,2,256
432,4,368
432,5,400
432,11,432
432,12,432
432,8,448
432,16,768
433,1,0
433,2,256
433,4,368
433,5,400
433,11,432
433,12,432
433,8,448
434,1,0
434,2,256
434,4,368
434,5,400
434,11,432
434,12,432
434,9,448
435,1,0
435,2,256
435,4,368
435,5,400
435,11,432
435,12,432
435,10,448
436,1,0
436,2,256
436,4,368
436,5,400
436,11,432
436,12,432
437,1,0
437,2,256
437,4,368
437,5,400
438,1,0
438,2,256
438,4,368
438,6,400
438,13,424
438,7,464
438,14,624
439,1,0
439,2,256
439,4,368
439,6,400
439,13,424
439,7,464
439,15,880
439,19,944
440,1,0
440,2,256
440,4,368
440,6,400
440,13,424
440,7,464
440,15,944
440,20,1008
441,1,0
441,2,256
441,4,368
441,6,400
441,13,424
441,7,464
441,15,880
441,21,944
442,1,0
442,2,256
442,4,368
442,6,400
442,13,424
442,7,464
442,15,720
442,22,784
442,24,848
443,1,0
443,2,256
443,4,368
443,6,400
443,13,424
443,7,464
443,15,656
443,22,720
444,1,0
444,2,256
444,4,368
444,6,400
444,13,424
444,7,464
444,15,912
445,1,0
445,2,256
445,4,368
445,6,400
445,13,424
445,7,464
445,16,944
445,23,976
446,1,0
446,2,256
446,4,368
446,6,400
446,13,424
446,7,464
446,16,784
447,1,0
447,2,256
447,4,368
447,6,400
447,13,424
447,7,464
448,1,0
448,2,256
448,4,368
448,6,400
448,13,424
448,8,464
448,17,784
448,18,960
448,14,1136
449,1,0
449,2,256
449,4,368
449,6,400
449,13,424
449,8,464
449,17,784
449,18,832
449,15,1008
449,19,1072
450,1,0
450,2,256
450,4,368
450,6,400
450,13,424
450,8,464
450,17,784
450,18,832
450,15,944
450,20,1008
451,1,0
451,2,256
451,4,368
451,6,400
451,13,424
451,8,464
451,17,784
451,18,960
451,15,1008
451,21,1072
452,1,0
452,2,256
452,4,368
452,6,400
452,13,424
452,8,464
452,17,784
452,18,896
452,15,1008
452,22,1072
452,24,1136
453,1,0
453,2,256
453,4,368
453,6,400
453,13,424
453,8,464
453,17,784
453,18,896
453,15,1008
453,22,1072
454,1,0
454,2,256
454,4,368
454,6,400
454,13,424
454,8,464
454,17,784
454,18,1024
454,15,1072
455,1,0
455,2,256
455,4,368
455,6,400
455,13,424
455,8,464
455,17,784
455,18,832
455,16,1072
455,23,1104
456,1,0
456,2,256
456,4,368
456,6,400
456,13,424
456,8,464
456,17,784
456,18,1024
456,16,1136
457,1,0
457,2,256
457,4,368
457,6,400
457,13,424
457,8,464
457,17,784
457,18,832
458,1,0
458,2,256
458,4,368
458,6,400
458,13,424
458,8,464
458,17,784
458,14,832
459,1,0
459,2,256
459,4,368
459,6,400
459,13,424
459,8,464
459,17,784
459,15,832
459,19,896
460,1,0
460,2,256
460,4,368
460,6,400
460,13,424
460,8,464
460,17,784
460,15,960
460,20,1024
461,1,0
461,2,256
461,4,368
461,6,400
461,13,424
461,8,464
461,17,784
461,15,832
461,21,896
462,1,0
462,2,256
462,4,368
462,6,400
462,13,424
462,8,464
462,17,784
462,15,896
462,22,960
462,24,1024
463,1,0
463,2,256
463,4,368
463,6,400
463,13,424
463,8,464
463,17,784
463,15,960
463,22,1024
464,1,0
464,2,256
464,4,368
464,6,400
464,13,424
464,8,464
464,17,784
464,15,960
465,1,0
465,2,256
465,4,368
465,6,400
465,13,424
465,8,464
465,17,784
465,16,896
465,23,928
466,1,0
466,2,256
466,4,368
466,6,400
466,13,424
466,8,464
466,17,784
466,16,896
467,1,0
467,2,256
467,4,368
467,6,400
467,13,424
467,8,464
467,17,784
468,1,0
468,2,256
468,4,368
468,6,400
468,13,424
468,8,464
468,14,784
469,1,0
469,2,256
469,4,368
469,6,400
469,13,424
469,8,464
469,15,784
469,19,848
470,1,0
470,2,256
470,4,368
470,6,400
470,13,424
470,8,464
470,15,784
470,20,848
471,1,0
471,2,256
471,4,368
471,6,400
471,13,424
471,8,464
471,15,784
471,21,848
472,1,0
472,2,256
472,4,368
472,6,400
472,13,424
472,8,464
472,15,784
472,22,848
472,24,912
473,1,0
473,2,256
473,4,368
473,6,400
473,13,424
473,8,464
473,15,784
473,22,848
474,1,0
474,2,256
474,4,368
474,6,400
474,13,424
474,8,464
474,15,784
475,1,0
475,2,256
475,4,368
475,6,400
475,13,424
475,8,464
475,16,784
475,23,816
476,1,0
476,2,256
476,4,368
476,6,400
476,13,424
476,8,464
476,16,784
477,1,0
477,2,256
477,4,368
477,6,400
477,13,424
477,8,464
478,1,0
478,2,256
478,4,368
478,6,400
478,13,424
478,9,464
479,1,0
479,2,256
479,4,368
479,6,400
479,13,424
479,10,464
480,1,0
480,2,256
480,4,368
480,6,400
480,13,424
481,1,0
481,2,256
481,4,368
481,6,400
482,1,0
482,2,256
482,4,368
482,7,400
482,14,624
483,1,0
483,2,256
483,4,368
483,7,400
483,15,624
483,19,688
484,1,0
484,2,256
484,4,368
484,7,400
484,15,880
484,20,944
485,1,0
485,2,256
485,4,368
485,7,400
485,15,880
485,21,944
486,1,0
486,2,256
486,4,368
486,7,400
486,15,816
486,22,880
486,24,944
487,1,0
487,2,256
487,4,368
487,7,400
487,15,784
487,22,848
488,1,0
488,2,256
488,4,368
488,7,400
488,15,560
489,1,0
489,2,256
489,4,368
489,7,400
489,16,816
489,23,848
490,1,0
490,2,256
490,4,368
490,7,400
490,16,656
491,1,0
491,2,256
491,4,368
491,7,400
492,1,0
492,2,256
492,4,368
492,8,400
492,17,720
492,18,832
492,14,1072
493,1,0
493,2,256
493,4,368
493,8,400
493,17,720
493,18,960
493,15,1136
493,19,1200
494,1,0
494,2,256
494,4,368
494,8,400
494,17,720
494,18,960
494,15,1072
494,20,1136
495,1,0
495,2,256
495,4,368
495,8,400
495,17,720
495,18,896
495,15,1008
495,21,1072
496,1,0
496,2,256
496,4,368
496,8,400
496,17,720
496,18,832
496,15,1072
496,22,1136
496,24,1200
497,1,0
497,2,256
497,4,368
497,8,400
497,17,720
497,18,960
497,15,1072
497,22,1136
498,1,0
498,2,256
498,4,368
498,8,400
498,17,720
498,18,832
498,15,944
499,1,0
499,2,256
499,4,368
499,8,400
499,17,720
499,18,960
499,16,1200
499,23,1232
500,1,0
500,2,256
500,4,368
500,8,400
500,17,720
500,18,960
500,16,1136
501,1,0
501,2,256
501,4,368
501,8,400
501,17,720
501,18,832
502,1,0
502,2,256
502,4,368
502,8,400
502,17,720
502,14,832
503,1,0
503,2,256
503,4,368
503,8,400
503,17,720
503,15,960
503,19,1024
504,1,0
504,2,256
504,4,368
504,8,400
504,17,720
504,15,832
504,20,896
505,1,0
505,2,256
505,4,368
505,8,400
505,17,720
505,15,832
505,21,896
506,1,0
506,2,256
506,4,368
506,8,400
506,17,720
506,15,768
506,22,832
506,24,896
507,1,0
507,2,256
507,4,368
507,8,400
507,17,720
507,15,896
507,22,960
508,1,0
508,2,256
508,4,368
508,8,400
508,17,720
508,15,960
509,1,0
509,2,256
509,4,368
509,8,400
509,17,720
509,16,768
509,23,800
510,1,0
510,2,256
510,4,368
510,8,400
510,17,720
510,16,960
511,1,0
511,2,256
511,4,368
511,8,400
511,17,720
512,1,0
512,2,256
512,4,368
512,8,400
512,14,720
513,1,0
513,2,256
513,4,368
513,8,400
513,15,720
513,19,784
514,1,0
514,2,256
514,4,368
514,8,400
514,15,720
514,20,784
515,1,0
515,2,256
515,4,368
515,8,400
515,15,720
515,21,784
516,1,0
516,2,256
516,4,368
516,8,400
516,15,720
516,22,784
516,24,848
517,1,0
517,2,256
517,4,368
517,8,400
517,15,720
517,22,784
518,1,0
518,2,256
518,4,368
518,8,400
518,15,720
519,1,0
519,2,256
519,4,368
519,8,400
519,16,720
519,23,752
520,1,0
520,2,256
520,4,368
520,8,400
520,16,720
521,1,0
521,2,256
521,4,368
521,8,400
522,1,0
522,2,256
522,4,368
522,9,400
523,1,0
523,2,256
523,4,368
523,10,400
524,1,0
524,2,256
524,4,368
525,1,0
525,2,256
525,5,368
525,11,400
525,12,400
525,6,416
525,13,440
525,7,480
525,14,672
526,1,0
526,2,256
526,5,368
526,11,400
526,12,400
526,6,416
526,13,440
526,7,480
526,15,864
526,19,928
527,1,0
527,2,256
527,5,368
527,11,400
527,12,400
527,6,416
527,13,440
527,7,480
527,15,928
527,20,992
528,1,0
528,2,256
528,5,368
528,11,400
528,12,400
528,6,416
528,13,440
528,7,480
528,15,928
528,21,992
529,1,0
529,2,256
529,5,368
529,11,400
529,12,400
529,6,416
529,13,440
529,7,480
529,15,640
529,22,704
529,24,768
530,1,0
530,2,256
530,5,368
530,11,400
530,12,400
530,6,416
530,13,440
530,7,480
530,15,960
530,22,1024
531,1,0
531,2,256
531,5,368
531,11,400
531,12,400
531,6,416
531,13,440
531,7,480
531,15,800
532,1,0
532,2,256
532,5,368
532,11,400
532,12,400
532,6,416
532,13,440
532,7,480
532,16,736
532,23,768
533,1,0
533,2,256
533,5,368
533,11,400
533,12,400
533,6,416
533,13,440
533,7,480
533,16,928
534,1,0
534,2,256
534,5,368
534,11,400
534,12,400
534,6,416
534,13,440
534,7,480
535,1,0
535,2,256
535,5,368
535,11,400
535,12,400
535,6,416
535,13,440
535,8,480
535,17,800
535,18,1040
535,14,1088
536,1,0
536,2,256
536,5,368
536,11,400
536,12,400
536,6,416
536,13,440
536,8,480
536,17,800
536,18,912
536,15,1024
536,19,1088
537,1,0
537,2,256
537,5,368
537,11,400
537,12,400
537,6,416
537,13,440
537,8,480
537,17,800
537,18,1040
537,15,1088
537,20,1152
538,1,0
538,2,256
538,5,368
538,11,400
538,12,400
538,6,416
538,13,440
538,8,480
538,17,800
538,18,912
538,15,1088
538,21,1152
539,1,0
539,2,256
539,5,368
539,11,400
539,12,400
539,6,416
539,13,440
539,8,480
539,17,800
539,18,976
539,15,1216
539,22,1280
539,24,1344
540,1,0
540,2,256
540,5,368
540,11,400
540,12,400
540,6,416
540,13,440
540,8,480
540,17,800
540,18,912
540,15,1088
540,22,1152
541,1,0
541,2,256
541,5,368
541,11,400
541,12,400
541,6,416
541,13,440
541,8,480
541,17,800
541,18,912
541,15,1152
542,1,0
542,2,256
542,5,368
542,11,400
542,12,400
542,6,416
542,13,440
542,8,480
542,17,800
542,18,1040
542,16,1280
542,23,1312
543,1,0
543,2,256
543,5,368
543,11,400
543,12,400
543,6,416
543,13,440
543,8,480
543,17,800
543,18,912
543,16,1152
544,1,0
544,2,256
544,5,368
544,11,400
544,12,400
544,6,416
544,13,440
544,8,480
544,17,800
544,18,1040
545,1,0
545,2,256
545,5,368
545,11,400
545,12,400
545,6,416
545,13,440
545,8,480
545,17,800
545,14,912
546,1,0
546,2,256
546,5,368
546,11,400
546,12,400
546,6,416
546,13,440
546,8,480
546,17,800
546,15,848
546,19,912
547,1,0
547,2,256
547,5,368
547,11,400
547,12,400
547,6,416
547,13,440
547,8,480
547,17,800
547,15,848
547,20,912
548,1,0
548,2,256
548,5,368
548,11,400
548,12,400
548,6,416
548,13,440
548,8,480
548,17,800
548,15,1040
548,21,1104
549,1,0
549,2,256
549,5,368
549,11,400
549,12,400
549,6,416
549,13,440
549,8,480
549,17,800
549,15,912
549,22,976
549,24,1040
550,1,0
550,2,256
550,5,368
550,11,400
550,12,400
550,6,416
550,13,440
550,8,480
550,17,800
550,15,848
550,22,912
551,1,0
551,2,256
551,5,368
551,11,400
551,12,400
551,6,416
551,13,440
551,8,480
551,17,800
551,15,976
552,1,0
552,2,256
552,5,368
552,11,400
552,12,400
552,6,416
552,13,440
552,8,480
552,17,800
552,16,976
552,23,1008
553,1,0
553,2,256
553,5,368
553,11,400
553,12,400
553,6,416
553,13,440
553,8,480
553,17,800
553,16,912
554,1,0
554,2,256
554,5,368
554,11,400
554,12,400
554,6,416
554,13,440
554,8,480
554,17,800
555,1,0
555,2,256
555,5,368
555,11,400
555,12,400
555,6,416
555,13,440
555,8,480
555,14,800
556,1,0
556,2,256
556,5,368
556,11,400
556,12,400
556,6,416
556,13,440
556,8,480
556,15,800
556,19,864
557,1,0
557,2,256
557,5,368
557,11,400
557,12,400
557,6,416
557,13,440
557,8,480
557,15,800
557,20,864
558,1,0
558,2,256
558,5,368
558,11,400
558,12,400
558,6,416
558,13,440
558,8,480
558,15,800
558,21,864
559,1,0
559,2,256
559,5,368
559,11,400
559,12,400
559,6,416
559,13,440
559,8,480
559,15,800
559,22,864
559,24,928
560,1,0
560,2,256
560,5,368
560,11,400
560,12,400
560,6,416
560,13,440
560,8,480
560,15,800
560,22,864
561,1,0
561,2,256
561,5,368
561,11,400
561,12,400
561,6,416
561,13,440
561,8,480
561,15,800
562,1,0
562,2,256
562,5,368
562,11,400
562,12,400
562,6,416
562,13,440
562,8,480
562,16,800
562,23,832
563,1,0
563,2,256
563,5,368
563,11,400
563,12,400
563,6,416
563,13,440
563,8,480
563,16,800
564,1,0
564,2,256
564,5,368
564,11,400
564,12,400
564,6,416
564,13,440
564,8,480
565,1,0
565,2,256
565,5,368
565,11,400
565,12,400
565,6,416
565,13,440
565,9,480
566,1,0
566,2,256
566,5,368
566,11,400
566,12,400
566,6,416
566,13,440
566,10,480
567,1,0
567,2,256
567,5,368
567,11,400
567,12,400
567,6,416
567,13,440
568,1,0
568,2,256
568,5,368
568,11,400
568,12,400
568,6,416
569,1,0
569,2,256
569,5,368
569,11,400
569,12,400
569,7,416
569,14,736
570,1,0
570,2,256
570,5,368
570,11,400
570,12,400
570,7,416
570,15,608
570,19,672
571,1,0
571,2,256
571,5,368
571,11,400
571,12,400
571,7,416
571,15,704
571,20,768
572,1,0
572,2,256
572,5,368
572,11,400
572,12,400
572,7,416
572,15,896
572,21,960
573,1,0
573,2,256
573,5,368
573,11,400
573,12,400
573,7,416
573,15,736
573,22,800
573,24,864
574,1,0
574,2,256
574,5,368
574,11,400
574,12,400
574,7,416
574,15,640
574,22,704
575,1,0
575,2,256
575,5,368
575,11,400
575,12,400
575,7,416
575,15,832
576,1,0
576,2,256
576,5,368
576,11,400
576,12,400
576,7,416
576,16,672
576,23,704
577,1,0
577,2,256
577,5,368
577,11,400
577,12,400
577,7,416
577,16,640
578,1,0
578,2,256
578,5,368
578,11,400
578,12,400
578,7,416
579,1,0
579,2,256
579,5,368
579,11,400
579,12,400
579,8,416
579,17,736
579,18,976
579,14,1216
580,1,0
580,2,256
580,5,368
580,11,400
580,12,400
580,8,416
580,17,736
580,18,784
580,15,832
580,19,896
581,1,0
581,2,256
581,5,368
581,11,400
581,12,400
581,8,416
581,17,736
581,18,848
581,15,896
581,20,960
582,1,0
582,2,256
582,5,368
582,11,400
582,12,400
582,8,416
582,17,736
582,18,784
582,15,960
582,21,1024
583,1,0
583,2,256
583,5,368
583,11,400
583,12,400
583,8,416
583,17,736
583,18,848
583,15,1024
583,22,1088
583,24,1152
584,1,0
584,2,256
584,5,368
584,11,400
584,12,400
584,8,416
584,17,736
584,18,848
584,15,1088
584,22,1152
585,1,0
585,2,256
585,5,368
585,11,400
585,12,400
585,8,416
585,17,736
585,18,784
585,15,1024
586,1,0
586,2,256
586,5,368
586,11,400
586,12,400
586,8,416
586,17,736
586,18,848
586,16,896
586,23,928
587,1,0
587,2,256
587,5,368
587,11,400
587,12,400
587,8,416
587,17,736
587,18,912
587,16,1088
588,1,0
588,2,256
588,5,368
588,11,400
588,12,400
588,8,416
588,17,736
588,18,976
589,1,0
589,2,256
589,5,368
589,11,400
589,12,400
589,8,416
589,17,736
589,14,976
590,1,0
590,2,256
590,5,368
590,11,400
590,12,400
590,8,416
590,17,736
590,15,912
590,19,976
591,1,0
591,2,256
591,5,368
591,11,400
591,12,400
591,8,416
591,17,736
591,15,848
591,20,912
592,1,0
592,2,256
592,5,368
592,11,400
592,12,400
592,8,416
592,17,736
592,15,848
592,21,912
593,1,0
593,2,256
593,5,368
593,11,400
593,12,400
593,8,416
593,17,736
593,15,784
593,22,848
593,24,912
594,1,0
594,2,256
594,5,368
594,11,400
594,12,400
594,8,416
594,17,736
594,15,912
594,22,976
595,1,0
595,2,256
595,5,368
595,11,400
595,12,400
595,8,416
595,17,736
595,15,784
596,1,0
596,2,256
596,5,368
596,11,400
596,12,400
596,8,416
596,17,736
596,16,784
596,23,816
597,1,0
597,2,256
597,5,368
597,11,400
597,12,400
597,8,416
597,17,736
597,16,784
598,1,0
598,2,256
598,5,368
598,11,400
598,12,400
598,8,416
598,17,736
599,1,0
599,2,256
599,5,368
599,11,400
599,12,400
599,8,416
599,14,736
600,1,0
600,2,256
600,5,368
600,11,400
600,12,400
600,8,416
600,15,736
600,19,800
601,1,0
601,2,256
601,5,368
601,11,400
601,12,400
601,8,416
601,15,736
601,20,800
602,1,0
602,2,256
602,5,368
602,11,400
602,12,400
602,8,416
602,15,736
602,21,800
603,1,0
603,2,256
603,5,368
603,11,400
603,12,400
603,8,416
603,15,736
603,22,800
603,24,864
604,1,0
604,2,256
604,5,368
604,11,400
604,12,400
604,8,416
604,15,736
604,22,800
605,1,0
605,2,256
605,5,368
605,11,400
605,12,400
605,8,416
605,15,736
606,1,0
606,2,256
606,5,368
606,11,400
606,12,400
606,8,416
606,16,736
606,23,768
607,1,0
607,2,256
607,5,368
607,11,400
607,12,400
607,8,416
607,16,736
608,1,0
608,2,256
608,5,368
608,11,400
608,12,400
608,8,416
609,1,0
609,2,256
609,5,368
609,11,400
609,12,400
609,9,416
610,1,0
610,2,256
610,5,368
610,11,400
610,12,400
610,10,416
611,1,0
611,2,256
611,5,368
611,11,400
611,12,400
612,1,0
612,2,256
612,5,368
613,1,0
613,2,256
613,6,368
613,13,392
613,7,432
613,14,720
614,1,0
614,2,256
614,6,368
614,13,392
614,7,432
614,15,784
614,19,848
615,1,0
615,2,256
615,6,368
615,13,392
615,7,432
615,15,624
615,20,688
616,1,0
616,2,256
616,6,368
616,13,392
616,7,432
616,15,720
616,21,784
617,1,0
617,2,256
617,6,368
617,13,392
617,7,432
617,15,656
617,22,720
617,24,784
618,1,0
618,2,256
618,6,368
618,13,392
618,7,432
618,15,752
618,22,816
619,1,0
619,2,256
619,6,368
619,13,392
619,7,432
619,15,720
620,1,0
620,2,256
620,6,368
620,13,392
620,7,432
620,16,720
620,23,752
621,1,0
621,2,256
621,6,368
621,13,392
621,7,432
621,16,880
622,1,0
622,2,256
622,6,368
622,13,392
622,7,432
623,1,0
623,2,256
623,6,368
623,13,392
623,8,432
623,17,752
623,18,800
623,14,976
624,1,0
624,2,256
624,6,368
624,13,392
624,8,432
624,17,752
624,18,928
624,15,976
624,19,1040
625,1,0
625,2,256
625,6,368
625,13,392
625,8,432
625,17,752
625,18,864
625,15,1040
625,20,1104
626,1,0
626,2,256
626,6,368
626,13,392
626,8,432
626,17,752
626,18,864
626,15,1104
626,21,1168
627,1,0
627,2,256
627,6,368
627,13,392
627,8,432
627,17,752
627,18,800
627,15,1040
627,22,1104
627,24,1168
628,1,0
628,2,256
628,6,368
628,13,392
628,8,432
628,17,752
628,18,928
628,15,1040
628,22,1104
629,1,0
629,2,256
629,6,368
629,13,392
629,8,432
629,17,752
629,18,992
629,15,1232
630,1,0
630,2,256
630,6,368
630,13,392
630,8,432
630,17,752
630,18,928
630,16,976
630,23,1008
631,1,0
631,2,256
631,6,368
631,13,392
631,8,432
631,17,752
631,18,992
631,16,1040
632,1,0
632,2,256
632,6,368
632,13,392
632,8,432
632,17,752
632,18,992
633,1,0
633,2,256
633,6,368
633,13,392
633,8,432
633,17,752
633,14,928
634,1,0
634,2,256
634,6,368
634,13,392
634,8,432
634,17,752
634,15,800
634,19,864
635,1,0
635,2,256
635,6,368
635,13,392
635,8,432
635,17,752
635,15,928
635,20,992
636,1,0
636,2,256
636,6,368
636,13,392
636,8,432
636,17,752
636,15,992
636,21,1056
637,1,0
637,2,256
637,6,368
637,13,392
637,8,432
637,17,752
637,15,928
637,22,992
637,24,1056
638,1,0
638,2,256
638,6,368
638,13,392
638,8,432
638,17,752
638,15,800
638,22,864
639,1,0
639,2,256
639,6,368
639,13,392
639,8,432
639,17,752
639,15,928
640,1,0
640,2,256
640,6,368
640,13,392
640,8,432
640,17,752
640,16,992
640,23,1024
641,1,0
641,2,256
641,6,368
641,13,392
641,8,432
641,17,752
641,16,992
642,1,0
642,2,256
642,6,368
642,13,392
642,8,432
642,17,752
643,1,0
643,2,256
643,6,368
643,13,392
643,8,432
643,14,752
644,1,0
644,2,256
644,6,368
644,13,392
644,8,432
644,15,752
644,19,816
645,1,0
645,2,256
645,6,368
645,13,392
645,8,432
645,15,752
645,20,816
646,1,0
646,2,256
646,6,368
646,13,392
646,8,432
646,15,752
646,21,816
647,1,0
647,2,256
647,6,368
647,13,392
647,8,432
647,15,752
647,22,816
647,24,880
648,1,0
648,2,256
648,6,368
648,13,392
648,8,432
648,15,752
648,22,816
649,1,0
649,2,256
649,6,368
649,13,392
649,8,432
649,15,752
650,1,0
650,2,256
650,6,368
650,13,392
650,8,432
650,16,752
650,23,784
651,1,0
651,2,256
651,6,368
651,13,392
651,8,432
651,16,752
652,1,0
652,2,256
652,6,368
652,13,392
652,8,432
653,1,0
653,2,256
653,6,368
653,13,392
653,9,432
654,1,0
654,2,256
654,6,368
654,13,392
654,10,432
655,1,0
655,2,256
655,6,368
655,13,392
656,1,0
656,2,256
656,6,368
657,1,0
657,2,256
657,7,368
657,14,816
658,1,0
658,2,256
658,7,368
658,15,624
658,19,688
659,1,0
659,2,256
659,7,368
659,15,592
659,20,656
660,1,0
660,2,256
660,7,368
660,15,784
660,21,848
661,1,0
661,2,256
661,7,368
661,15,688
661,22,752
661,24,816
662,1,0
662,2,256
662,7,368
662,15,592
662,22,656
663,1,0
663,2,256
663,7,368
663,15,592
664,1,0
664,2,256
664,7,368
664,16,528
664,23,560
665,1,0
665,2,256
665,7,368
665,16,720
666,1,0
666,2,256
666,7,368
667,1,0
667,2,256
667,8,368
667,17,688
667,18,864
667,14,1040
668,1,0
668,2,256
668,8,368
668,17,688
668,18,800
668,15,1040
668,19,1104
669,1,0
669,2,256
669,8,368
669,17,688
669,18,736
669,15,848
669,20,912
670,1,0
670,2,256
670,8,368
670,17,688
670,18,928
670,15,1104
670,21,1168
671,1,0
671,2,256
671,8,368
671,17,688
671,18,864
671,15,976
671,22,1040
671,24,1104
672,1,0
672,2,256
672,8,368
672,17,688
672,18,864
672,15,912
672,22,976
673,1,0
673,2,256
673,8,368
673,17,688
673,18,928
673,15,1104
674,1,0
674,2,256
674,8,368
674,17,688
674,18,864
674,16,976
674,23,1008
675,1,0
675,2,256
675,8,368
675,17,688
675,18,864
675,16,912
676,1,0
676,2,256
676,8,368
676,17,688
676,18,928
677,1,0
677,2,256
677,8,368
677,17,688
677,14,800
678,1,0
678,2,256
678,8,368
678,17,688
678,15,864
678,19,928
679,1,0
679,2,256
679,8,368
679,17,688
679,15,864
679,20,928
680,1,0
680,2,256
680,8,368
680,17,688
680,15,736
680,21,800
681,1,0
681,2,256
681,8,368
681,17,688
681,15,864
681,22,928
681,24,992
682,1,0
682,2,256
682,8,368
682,17,688
682,15,928
682,22,992
683,1,0
683,2,256
683,8,368
683,17,688
683,15,736
684,1,0
684,2,256
684,8,368
684,17,688
684,16,864
684,23,896
685,1,0
685,2,256
685,8,368
685,17,688
685,16,928
686,1,0
686,2,256
686,8,368
686,17,688
687,1,0
687,2,256
687,8,368
687,14,688
688,1,0
688,2,256
688,8,368
688,15,688
688,19,752
689,1,0
689,2,256
689,8,368
689,15,688
689,20,752
690,1,0
690,2,256
690,8,368
690,15,688
690,21,752
691,1,0
691,2,256
691,8,368
691,15,688
691,22,752
691,24,816
692,1,0
692,2,256
692,8,368
692,15,688
692,22,752
693,1,0
693,2,256
693,8,368
693,15,688
694,1,0
694,2,256
694,8,368
694,16,688
694,23,720
695,1,0
695,2,256
695,8,368
695,16,688
696,1,0
696,2,256
696,8,368
697,1,0
697,2,256
697,9,368
698,1,0
698,2,256
698,10,368
699,1,0
699,2,256
